 # Columns are: Lambda (Microns) and Flux (Flux * lambda) (W/m^2)
      1.20000E-01      2.64387E-14      4.44298E-17      0.00000E+00     -8.29041E-18      0.00000E+00
      1.26447E-01      5.47871E-13      7.08618E-16      0.00000E+00      2.31989E-17      0.00000E+00
      1.33241E-01      1.67575E-11      2.12817E-14      0.00000E+00      2.00025E-15      0.00000E+00
      1.40399E-01      2.92882E-11      3.76399E-14      0.00000E+00     -3.67128E-15      0.00000E+00
      1.47943E-01      3.86608E-11      5.12401E-14      0.00000E+00     -2.88079E-15      0.00000E+00
      1.55891E-01      4.64432E-11      6.30320E-14      0.00000E+00      8.04354E-15      0.00000E+00
      1.64267E-01      6.46547E-11      7.14366E-14      0.00000E+00     -5.72244E-15      0.00000E+00
      1.73092E-01      6.84863E-11      6.98496E-14      0.00000E+00     -4.96903E-15      0.00000E+00
      1.82392E-01      7.80384E-11      5.14355E-14      0.00000E+00     -5.28493E-15      0.00000E+00
      1.92191E-01      8.07614E-11      6.51375E-14      0.00000E+00      6.24773E-15      0.00000E+00
      2.02517E-01      7.53346E-11      5.88936E-14      0.00000E+00      2.79056E-15      0.00000E+00
      2.13398E-01      7.19947E-11      5.55023E-14      0.00000E+00     -6.25549E-15      0.00000E+00
      2.24863E-01      7.35317E-11      4.70068E-14      0.00000E+00      1.18456E-14      0.00000E+00
      2.36944E-01      6.32015E-11      3.58312E-14      0.00000E+00     -1.24175E-14      0.00000E+00
      2.49674E-01      6.94946E-11      5.15785E-14      0.00000E+00     -1.44216E-14      0.00000E+00
      2.63088E-01      7.66854E-11      6.08420E-14      0.00000E+00      8.31625E-15      0.00000E+00
      2.77223E-01      7.98499E-11      6.39551E-14      0.00000E+00      1.93348E-14      0.00000E+00
      2.92118E-01      8.95988E-11      6.11261E-14      0.00000E+00     -1.00092E-14      0.00000E+00
      3.07812E-01      9.36273E-11      4.50314E-14      0.00000E+00      2.95949E-16      0.00000E+00
      3.24350E-01      9.49213E-11      2.41324E-14      0.00000E+00     -2.22850E-14      0.00000E+00
      3.41776E-01      9.72807E-11      6.29666E-14      0.00000E+00     -1.36805E-14      0.00000E+00
      3.60139E-01      9.50063E-11      9.60651E-14      0.00000E+00     -8.09634E-15      0.00000E+00
      3.79488E-01      1.82812E-10      1.09839E-13      0.00000E+00      1.85706E-14      0.00000E+00
      3.99877E-01      2.79282E-10      2.17548E-13      0.00000E+00     -1.18720E-14      0.00000E+00
      4.21361E-01      2.86361E-10      2.38199E-13      0.00000E+00     -3.12790E-14      0.00000E+00
      4.43999E-01      2.58234E-10      1.99757E-13      0.00000E+00      1.79410E-14      0.00000E+00
      4.67854E-01      2.40502E-10      2.16529E-13      0.00000E+00     -2.67777E-14      0.00000E+00
      4.92990E-01      2.11747E-10      1.68638E-13      0.00000E+00     -1.06532E-14      0.00000E+00
      5.19477E-01      1.91458E-10      1.96268E-13      0.00000E+00      2.97363E-14      0.00000E+00
      5.47387E-01      1.76252E-10      1.01673E-13      0.00000E+00     -4.10452E-14      0.00000E+00
      5.76796E-01      1.60243E-10      1.30385E-13      0.00000E+00     -5.04270E-15      0.00000E+00
      6.07786E-01      1.42337E-10      1.36140E-13      0.00000E+00     -1.55281E-14      0.00000E+00
      6.40440E-01      1.29559E-10      1.13399E-13      0.00000E+00     -2.05728E-14      0.00000E+00
      6.74849E-01      1.16651E-10      2.39906E-14      0.00000E+00     -1.64197E-14      0.00000E+00
      7.11106E-01      1.03265E-10      1.01031E-13      0.00000E+00      1.43802E-14      0.00000E+00
      7.49312E-01      9.31604E-11      7.99874E-14      0.00000E+00      2.18983E-14      0.00000E+00
      7.89570E-01      8.26350E-11      9.92044E-14      0.00000E+00      9.19822E-15      0.00000E+00
      8.31991E-01      7.37827E-11      5.68920E-14      0.00000E+00     -2.81327E-15      0.00000E+00
      8.76691E-01      6.54805E-11      3.73343E-14      0.00000E+00     -3.30988E-15      0.00000E+00
      9.23793E-01      5.21250E-11      4.28653E-14      0.00000E+00     -4.37813E-15      0.00000E+00
      9.73425E-01      6.18574E-11      4.16695E-14      0.00000E+00      3.73976E-15      0.00000E+00
      1.02572E+00      5.49245E-11      3.77345E-14      0.00000E+00     -1.68232E-14      0.00000E+00
      1.08083E+00      4.85327E-11      3.66684E-14      0.00000E+00     -1.29369E-14      0.00000E+00
      1.13890E+00      4.18385E-11      3.09222E-14      0.00000E+00     -6.38521E-16      0.00000E+00
      1.20009E+00      3.69428E-11      2.69218E-14      0.00000E+00      4.35573E-15      0.00000E+00
      1.26457E+00      3.25414E-11      1.25375E-14      0.00000E+00     -3.17274E-15      0.00000E+00
      1.33251E+00      2.88545E-11      3.34323E-14      0.00000E+00      8.01914E-15      0.00000E+00
      1.40410E+00      2.56184E-11      1.70738E-14      0.00000E+00      6.82887E-15      0.00000E+00
      1.47954E+00      2.26590E-11      1.80394E-14      0.00000E+00      1.99740E-15      0.00000E+00
      1.55903E+00      1.89820E-11      1.23380E-14      0.00000E+00      2.71929E-16      0.00000E+00
      1.64279E+00      1.65924E-11      1.21782E-14      0.00000E+00      2.05545E-15      0.00000E+00
      1.73106E+00      1.46745E-11      9.91463E-15      0.00000E+00     -5.67633E-16      0.00000E+00
      1.82406E+00      1.30530E-11      1.41419E-14      0.00000E+00     -6.58729E-16      0.00000E+00
      1.92206E+00      1.22124E-11      5.83450E-15      0.00000E+00      3.23507E-15      0.00000E+00
      2.02533E+00      1.09913E-11      3.07802E-15      0.00000E+00     -2.36097E-15      0.00000E+00
      2.13414E+00      9.73770E-12      8.44072E-15      0.00000E+00     -1.06903E-15      0.00000E+00
      2.24880E+00      8.92739E-12      9.45082E-15      0.00000E+00      9.60273E-16      0.00000E+00
      2.36962E+00      8.21455E-12      8.90097E-15      0.00000E+00      9.87487E-18      0.00000E+00
      2.49694E+00      7.78497E-12      5.74066E-15      0.00000E+00      1.82439E-15      0.00000E+00
      2.63109E+00      7.09534E-12     -2.23455E-15      0.00000E+00     -3.12879E-15      0.00000E+00
      2.77245E+00      7.59256E-12     -9.36559E-15      0.00000E+00     -5.26405E-15      0.00000E+00
      2.92140E+00      6.68531E-12     -4.09938E-15      0.00000E+00     -7.32904E-15      0.00000E+00
      3.07836E+00      6.17915E-12      7.48187E-15      0.00000E+00      1.19785E-15      0.00000E+00
      3.24375E+00      6.23543E-12      5.49961E-15      0.00000E+00     -2.33728E-14      0.00000E+00
      3.41803E+00      6.65793E-12     -6.21688E-16      0.00000E+00     -9.24848E-15      0.00000E+00
      3.60167E+00      5.76416E-12      3.65141E-15      0.00000E+00     -5.96734E-15      0.00000E+00
      3.79517E+00      6.08679E-12      1.80424E-14      0.00000E+00      7.18019E-15      0.00000E+00
      3.99907E+00      5.66271E-12     -6.24203E-15      0.00000E+00     -4.26053E-15      0.00000E+00
      4.21393E+00      5.62790E-12      4.05505E-15      0.00000E+00     -7.87163E-15      0.00000E+00
      4.44033E+00      6.06520E-12     -9.59166E-15      0.00000E+00     -1.26072E-14      0.00000E+00
      4.67890E+00      5.49463E-12      2.48350E-14      0.00000E+00     -3.28613E-15      0.00000E+00
      4.93028E+00      5.25740E-12      1.00530E-14      0.00000E+00      2.74969E-15      0.00000E+00
      5.19517E+00      5.26530E-12      4.27930E-15      0.00000E+00     -1.21219E-14      0.00000E+00
      5.47429E+00      5.29602E-12      9.21562E-16      0.00000E+00     -3.70908E-15      0.00000E+00
      5.76840E+00      4.56752E-12      1.98184E-14      0.00000E+00      2.45468E-14      0.00000E+00
      6.07832E+00      4.88136E-12      9.16835E-15      0.00000E+00     -1.60171E-14      0.00000E+00
      6.40489E+00      4.89973E-12      1.08794E-14      0.00000E+00      7.50069E-15      0.00000E+00
      6.74901E+00      4.72967E-12      8.16289E-15      0.00000E+00      4.38379E-15      0.00000E+00
      7.11161E+00      4.62440E-12     -1.10875E-14      0.00000E+00      1.52346E-14      0.00000E+00
      7.49369E+00      4.36377E-12      2.31567E-14      0.00000E+00     -7.66212E-15      0.00000E+00
      7.89631E+00      5.08914E-12      4.58056E-14      0.00000E+00     -1.54172E-14      0.00000E+00
      8.32055E+00      6.21792E-12      6.67101E-16      0.00000E+00     -4.38284E-15      0.00000E+00
      8.76758E+00      7.08919E-12     -3.80882E-15      0.00000E+00     -2.80994E-15      0.00000E+00
      9.23864E+00      8.69565E-12      3.88039E-15      0.00000E+00     -1.08526E-15      0.00000E+00
      9.73500E+00      8.90661E-12     -1.11380E-15      0.00000E+00      2.42911E-14      0.00000E+00
      1.02580E+01      8.80618E-12     -1.40056E-14      0.00000E+00      9.02312E-15      0.00000E+00
      1.08092E+01      8.77951E-12      1.43484E-14      0.00000E+00     -3.97246E-14      0.00000E+00
      1.13899E+01      8.72264E-12      3.00940E-15      0.00000E+00     -2.02681E-15      0.00000E+00
      1.20019E+01      8.22145E-12      1.56043E-14      0.00000E+00     -3.86338E-15      0.00000E+00
      1.26467E+01      8.10311E-12      4.12684E-14      0.00000E+00     -2.06343E-14      0.00000E+00
      1.33261E+01      8.08671E-12      1.60644E-14      0.00000E+00      8.98051E-16      0.00000E+00
      1.40421E+01      7.82714E-12      3.49827E-15      0.00000E+00      6.92647E-15      0.00000E+00
      1.47965E+01      8.16607E-12      5.78905E-15      0.00000E+00     -1.64134E-14      0.00000E+00
      1.55915E+01      8.72217E-12      2.54858E-14      0.00000E+00      8.34982E-15      0.00000E+00
      1.64292E+01      9.70393E-12      1.99922E-14      0.00000E+00     -4.12672E-15      0.00000E+00
      1.73119E+01      1.15303E-11      8.83608E-15      0.00000E+00     -5.93838E-15      0.00000E+00
      1.82420E+01      1.26004E-11      2.13872E-14      0.00000E+00      2.80915E-14      0.00000E+00
      1.92221E+01      1.30986E-11     -2.74114E-14      0.00000E+00     -7.49558E-15      0.00000E+00
      2.02548E+01      1.38730E-11      1.15294E-14      0.00000E+00      5.12696E-14      0.00000E+00
      2.13431E+01      1.43289E-11      1.19663E-14      0.00000E+00      1.35718E-14      0.00000E+00
      2.24898E+01      1.54781E-11      2.49347E-14      0.00000E+00      6.81619E-15      0.00000E+00
      2.36980E+01      1.56698E-11      2.97359E-14      0.00000E+00     -4.90532E-14      0.00000E+00
      2.49713E+01      1.62349E-11      1.67706E-14      0.00000E+00      8.62300E-15      0.00000E+00
      2.63129E+01      1.69503E-11      5.64122E-15      0.00000E+00      2.29471E-14      0.00000E+00
      2.77266E+01      1.71544E-11      2.50899E-14      0.00000E+00     -5.49238E-15      0.00000E+00
      2.92163E+01      1.77523E-11      4.41473E-14      0.00000E+00      1.10342E-14      0.00000E+00
      3.07860E+01      1.84520E-11      5.25115E-15      0.00000E+00      2.55223E-14      0.00000E+00
      3.24400E+01      1.92870E-11      3.15010E-14      0.00000E+00      5.05773E-14      0.00000E+00
      3.41829E+01      1.95138E-11     -1.51940E-14      0.00000E+00      1.94213E-14      0.00000E+00
      3.60194E+01      1.98557E-11      2.87012E-14      0.00000E+00      1.37053E-14      0.00000E+00
      3.79547E+01      1.97929E-11      2.80783E-14      0.00000E+00     -3.34569E-15      0.00000E+00
      3.99938E+01      2.00371E-11      6.82167E-14      0.00000E+00      1.72004E-14      0.00000E+00
      4.21426E+01      1.96628E-11      3.21647E-14      0.00000E+00      2.06349E-14      0.00000E+00
      4.44068E+01      1.96686E-11      5.98158E-14      0.00000E+00     -3.17680E-15      0.00000E+00
      4.67926E+01      1.96831E-11      5.04597E-14      0.00000E+00     -1.53138E-14      0.00000E+00
      4.93066E+01      1.87705E-11      4.70777E-14      0.00000E+00      9.15729E-15      0.00000E+00
      5.19557E+01      1.83472E-11      2.70594E-14      0.00000E+00     -2.37227E-15      0.00000E+00
      5.47471E+01      1.77312E-11      4.77437E-14      0.00000E+00      4.03553E-15      0.00000E+00
      5.76885E+01      1.69564E-11      2.62548E-14      0.00000E+00     -1.42586E-15      0.00000E+00
      6.07879E+01      1.61713E-11      3.79646E-14      0.00000E+00      5.88289E-15      0.00000E+00
      6.40539E+01      1.51757E-11      2.44557E-14      0.00000E+00      9.09494E-15      0.00000E+00
      6.74953E+01      1.42842E-11      3.06095E-14      0.00000E+00     -1.76731E-15      0.00000E+00
      7.11216E+01      1.33421E-11      3.51544E-14      0.00000E+00     -1.00945E-14      0.00000E+00
      7.49427E+01      1.22879E-11      2.53061E-14      0.00000E+00      1.01540E-15      0.00000E+00
      7.89692E+01      1.13899E-11      1.78027E-14      0.00000E+00      2.75371E-15      0.00000E+00
      8.32119E+01      1.05037E-11      1.68078E-14      0.00000E+00      1.07769E-15      0.00000E+00
      8.76826E+01      9.47908E-12      1.39719E-14      0.00000E+00      4.35566E-15      0.00000E+00
      9.23935E+01      8.60401E-12      8.12821E-15      0.00000E+00      8.59811E-15      0.00000E+00
      9.73575E+01      7.71915E-12      1.15770E-14      0.00000E+00      6.11982E-15      0.00000E+00
      1.02588E+02      6.94403E-12      7.58942E-15      0.00000E+00     -3.09770E-15      0.00000E+00
      1.08100E+02      6.17839E-12      7.69313E-15      0.00000E+00     -3.64741E-15      0.00000E+00
      1.13908E+02      5.44491E-12      5.49098E-15      0.00000E+00      3.24928E-15      0.00000E+00
      1.20028E+02      4.79059E-12      3.98733E-15      0.00000E+00     -6.32829E-16      0.00000E+00
      1.26476E+02      4.22165E-12      4.66148E-15      0.00000E+00     -8.01557E-16      0.00000E+00
      1.33272E+02      3.64995E-12      5.64096E-15      0.00000E+00     -7.51837E-16      0.00000E+00
      1.40432E+02      3.16415E-12      5.84545E-15      0.00000E+00      9.33836E-16      0.00000E+00
      1.47977E+02      2.71075E-12      4.74568E-15      0.00000E+00     -1.40711E-15      0.00000E+00
      1.55927E+02      2.33934E-12      4.12055E-15      0.00000E+00     -1.77299E-15      0.00000E+00
      1.64305E+02      2.00076E-12      1.70396E-15      0.00000E+00     -1.44318E-15      0.00000E+00
      1.73132E+02      1.70397E-12      2.00178E-15      0.00000E+00      9.13604E-16      0.00000E+00
      1.82434E+02      1.43267E-12      3.09141E-15      0.00000E+00     -2.15858E-16      0.00000E+00
      1.92236E+02      1.19286E-12      1.16715E-15      0.00000E+00      1.37484E-16      0.00000E+00
      2.02564E+02      1.00216E-12      1.63801E-15      0.00000E+00      3.15757E-16      0.00000E+00
      2.13447E+02      8.34656E-13      1.01314E-15      0.00000E+00     -6.14283E-17      0.00000E+00
      2.24915E+02      6.88233E-13      5.82750E-16      0.00000E+00      2.29895E-16      0.00000E+00
      2.36999E+02      5.69322E-13      6.44562E-16      0.00000E+00     -1.44718E-16      0.00000E+00
      2.49732E+02      4.58117E-13      7.62192E-16      0.00000E+00     -2.47451E-16      0.00000E+00
      2.63149E+02      3.69435E-13      5.03030E-16      0.00000E+00     -4.74803E-17      0.00000E+00
      2.77287E+02      3.02525E-13      4.68038E-16      0.00000E+00     -1.09533E-16      0.00000E+00
      2.92185E+02      2.42812E-13      2.03332E-16      0.00000E+00      2.25291E-17      0.00000E+00
      3.07884E+02      1.97031E-13      1.96132E-16      0.00000E+00     -6.87579E-17      0.00000E+00
      3.24425E+02      1.57944E-13      1.25768E-16      0.00000E+00      1.11714E-17      0.00000E+00
      3.41855E+02      1.24312E-13      6.04546E-17      0.00000E+00     -4.66277E-17      0.00000E+00
      3.60222E+02      9.58764E-14      1.33706E-16      0.00000E+00     -6.80395E-17      0.00000E+00
      3.79576E+02      7.30129E-14      1.40749E-16      0.00000E+00      6.97515E-18      0.00000E+00
      3.99969E+02      5.67011E-14      5.00850E-17      0.00000E+00      3.73083E-17      0.00000E+00
      4.21458E+02      4.55042E-14      5.59274E-17      0.00000E+00      2.00592E-17      0.00000E+00
      4.44102E+02      3.67582E-14      5.29631E-17      0.00000E+00      2.81614E-17      0.00000E+00
      4.67962E+02      2.96857E-14      4.35392E-17      0.00000E+00      8.74515E-19      0.00000E+00
      4.93104E+02      2.43870E-14      1.18063E-17      0.00000E+00      1.12570E-17      0.00000E+00
      5.19597E+02      1.97865E-14      9.23182E-18      0.00000E+00      3.22974E-18      0.00000E+00
      5.47513E+02      1.64516E-14      9.09167E-18      0.00000E+00     -2.87211E-18      0.00000E+00
      5.76929E+02      1.34321E-14      7.25893E-18      0.00000E+00      6.80212E-21      0.00000E+00
      6.07926E+02      1.09863E-14      2.97619E-18      0.00000E+00      1.13999E-19      0.00000E+00
      6.40588E+02      8.98956E-15      4.29578E-18      0.00000E+00     -1.01082E-19      0.00000E+00
      6.75005E+02      7.29938E-15      4.42129E-18      0.00000E+00     -2.86273E-19      0.00000E+00
      7.11271E+02      6.00578E-15      2.42548E-18      0.00000E+00      4.15377E-20      0.00000E+00
      7.49485E+02      4.87271E-15      3.50720E-18      0.00000E+00     -1.39135E-18      0.00000E+00
      7.89752E+02      3.97005E-15      8.85353E-19      0.00000E+00      1.48955E-18      0.00000E+00
      8.32183E+02      3.22562E-15      8.07413E-19      0.00000E+00      2.33058E-19      0.00000E+00
      8.76894E+02      2.62965E-15      5.46991E-19      0.00000E+00     -8.66299E-19      0.00000E+00
      9.24007E+02      2.13722E-15      5.39665E-19      0.00000E+00      4.90505E-20      0.00000E+00
      9.73650E+02      1.73218E-15      6.80341E-19      0.00000E+00     -2.11981E-19      0.00000E+00
      1.02596E+03      1.40921E-15      7.24276E-19      0.00000E+00      1.54282E-19      0.00000E+00
      1.08108E+03      1.13629E-15      1.11501E-19      0.00000E+00     -2.74696E-20      0.00000E+00
      1.13917E+03      9.12793E-16      1.01828E-19      0.00000E+00      7.58641E-20      0.00000E+00
      1.20037E+03      7.38508E-16      8.20738E-20      0.00000E+00     -7.37829E-20      0.00000E+00
      1.26486E+03      5.95036E-16     -7.40190E-21      0.00000E+00      3.24402E-20      0.00000E+00
      1.33282E+03      4.79953E-16      1.56453E-19      0.00000E+00     -3.33177E-21      0.00000E+00
      1.40443E+03      3.83970E-16      3.42478E-20      0.00000E+00     -2.58299E-20      0.00000E+00
      1.47988E+03      3.06218E-16      7.20920E-20      0.00000E+00     -4.25482E-20      0.00000E+00
      1.55939E+03      2.46659E-16      1.96218E-20      0.00000E+00     -2.06210E-20      0.00000E+00
      1.64317E+03      1.97295E-16      6.50681E-20      0.00000E+00     -4.51188E-20      0.00000E+00
      1.73146E+03      1.55244E-16      1.35111E-20      0.00000E+00      1.56442E-21      0.00000E+00
      1.82448E+03      1.24836E-16      8.65659E-21      0.00000E+00     -9.15071E-21      0.00000E+00
      1.92250E+03      1.00085E-16      5.09350E-21      0.00000E+00     -1.32541E-20      0.00000E+00
      2.02580E+03      7.91803E-17      9.26484E-21      0.00000E+00     -2.88326E-21      0.00000E+00
      2.13464E+03      6.23954E-17      7.00749E-21      0.00000E+00      6.65431E-21      0.00000E+00
      2.24932E+03      5.01179E-17      2.32848E-22      0.00000E+00     -5.78593E-21      0.00000E+00
      2.37017E+03      4.01656E-17      2.96130E-21      0.00000E+00      1.09030E-21      0.00000E+00
      2.49751E+03      3.08901E-17      2.03601E-21      0.00000E+00     -2.51966E-21      0.00000E+00
      2.63170E+03      2.43523E-17      4.87934E-22      0.00000E+00     -1.63566E-21      0.00000E+00
      2.77309E+03      1.93768E-17      1.17002E-22      0.00000E+00      9.87536E-22      0.00000E+00
      2.92208E+03      1.55682E-17      2.08154E-22      0.00000E+00     -2.13160E-21      0.00000E+00
      3.07907E+03      1.17509E-17      8.84203E-22      0.00000E+00      3.13345E-22      0.00000E+00
      3.24450E+03      9.47845E-18     -1.19190E-21      0.00000E+00     -1.42120E-21      0.00000E+00
      3.41882E+03      7.45134E-18      1.28689E-22      0.00000E+00     -1.18192E-22      0.00000E+00
      3.60250E+03      5.96616E-18      1.55859E-21      0.00000E+00      2.21498E-22      0.00000E+00
      3.79605E+03      4.39354E-18      9.66574E-24      0.00000E+00      2.56266E-22      0.00000E+00
      4.00000E+03      3.77399E-18      2.36708E-22      0.00000E+00     -2.97127E-22      0.00000E+00
